0.19999999999999962
0.23333333333333336
0.43333333333333257
0.533333333333333
0.6833333333333321
0.5
0.6833333333333321
0.733333333333334
0.7833333333333325
0.7999999999999985
0.7999999999999985
0.8166666666666671
0.8666666666666651
0.8833333333333349
0.8666666666666651
0.8499999999999993
0.9166666666666674
0.7999999999999985
0.8833333333333349
0.833333333333333
0.833333333333333
0.9166666666666674
0.8166666666666671
0.8833333333333349
0.9333333333333335
0.9166666666666674
0.9333333333333335
0.9500000000000017
0.9000000000000008
0.8833333333333349
0.9666666666666676
0.9000000000000008
0.9166666666666674
0.9166666666666674
0.9333333333333335
0.9666666666666676
0.9333333333333335
0.9333333333333335
0.9166666666666674
0.9166666666666674
0.9500000000000017
0.9166666666666674
0.9166666666666674
0.9666666666666676
0.9000000000000008
0.9500000000000017
0.9666666666666676
0.8666666666666651
0.9333333333333335
0.9500000000000017
