0.3333333333333329
0.533333333333333
0.7833333333333325
0.833333333333333
0.8833333333333349
0.8833333333333349
0.9666666666666676
0.9666666666666676
0.9166666666666674
0.9166666666666674
0.9000000000000008
0.9666666666666676
0.9500000000000017
0.9166666666666674
0.9333333333333335
0.983333333333334
0.9666666666666676
0.9500000000000017
0.9333333333333335
0.9333333333333335
0.9333333333333335
1.0
0.9166666666666674
0.983333333333334
0.9500000000000017
0.9166666666666674
0.9333333333333335
0.9333333333333335
0.9333333333333335
0.9500000000000017
0.9500000000000017
0.9666666666666676
0.983333333333334
0.9666666666666676
1.0
0.9666666666666676
0.9666666666666676
1.0
0.9666666666666676
0.983333333333334
0.983333333333334
0.9666666666666676
0.983333333333334
0.983333333333334
1.0
0.9500000000000017
0.983333333333334
0.9666666666666676
0.9500000000000017
0.9333333333333335
