0.15000000000000024
0.16666666666666646
0.43333333333333257
0.600000000000001
0.5833333333333341
0.549999999999999
0.733333333333334
0.5833333333333341
0.75
0.8833333333333349
0.7999999999999985
0.8499999999999993
0.7999999999999985
0.833333333333333
0.9333333333333335
0.8666666666666651
0.833333333333333
0.9333333333333335
0.9666666666666676
0.8833333333333349
0.8833333333333349
0.9000000000000008
0.8833333333333349
0.8666666666666651
0.8499999999999993
0.9000000000000008
0.8833333333333349
0.9333333333333335
0.9333333333333335
0.9500000000000017
0.8833333333333349
0.9333333333333335
0.9500000000000017
0.9666666666666676
0.9666666666666676
0.9500000000000017
0.9666666666666676
0.9333333333333335
0.9666666666666676
0.9666666666666676
0.9166666666666674
0.9500000000000017
0.9333333333333335
0.9666666666666676
0.9166666666666674
0.9000000000000008
0.9500000000000017
0.983333333333334
0.9666666666666676
0.9166666666666674
0.9166666666666674
0.9166666666666674
0.9166666666666674
0.9166666666666674
0.9500000000000017
0.9333333333333335
0.9666666666666676
0.9666666666666676
0.9666666666666676
0.9333333333333335
0.9333333333333335
0.9666666666666676
0.9666666666666676
0.9666666666666676
0.9166666666666674
0.9666666666666676
0.9166666666666674
0.9333333333333335
0.9666666666666676
0.9666666666666676
0.9666666666666676
0.9666666666666676
0.9666666666666676
0.9666666666666676
0.9666666666666676
1.0
1.0
0.9666666666666676
1.0
0.9333333333333335
0.9333333333333335
1.0
0.9166666666666674
0.9000000000000008
0.9500000000000017
0.983333333333334
0.9666666666666676
0.983333333333334
0.9666666666666676
1.0
0.9666666666666676
0.9000000000000008
0.9333333333333335
0.9333333333333335
0.9166666666666674
1.0
0.9666666666666676
0.9666666666666676
0.983333333333334
0.9666666666666676
0.983333333333334
0.9333333333333335
0.9500000000000017
0.9333333333333335
0.9333333333333335
0.9500000000000017
0.983333333333334
0.9166666666666674
1.0
0.9166666666666674
0.9666666666666676
0.9333333333333335
0.9666666666666676
0.9666666666666676
0.9666666666666676
0.9666666666666676
0.9500000000000017
0.983333333333334
0.9500000000000017
0.9500000000000017
0.9666666666666676
0.9666666666666676
0.9666666666666676
0.9666666666666676
0.9500000000000017
0.9333333333333335
0.9500000000000017
0.9666666666666676
0.9666666666666676
0.983333333333334
1.0
0.983333333333334
0.9666666666666676
0.9166666666666674
0.9666666666666676
0.9666666666666676
0.983333333333334
0.9666666666666676
0.9333333333333335
0.9500000000000017
0.9666666666666676
0.9666666666666676
1.0
0.9500000000000017
0.9666666666666676
0.9500000000000017
0.9666666666666676
0.9333333333333335
0.9666666666666676
0.9500000000000017
0.9333333333333335
0.983333333333334
0.983333333333334
0.983333333333334
1.0
0.8833333333333349
0.9500000000000017
0.983333333333334
0.9666666666666676
0.9666666666666676
1.0
0.9333333333333335
0.9500000000000017
0.9666666666666676
0.9666666666666676
0.9666666666666676
0.9500000000000017
0.9500000000000017
1.0
0.9500000000000017
1.0
0.9666666666666676
0.9666666666666676
0.9666666666666676
0.983333333333334
1.0
0.983333333333334
1.0
0.9666666666666676
0.9666666666666676
0.9666666666666676
0.983333333333334
0.9333333333333335
0.9500000000000017
1.0
0.9666666666666676
0.9666666666666676
1.0
0.983333333333334
1.0
1.0
0.983333333333334
0.983333333333334
1.0
0.9500000000000017
0.983333333333334
1.0
0.983333333333334
0.9666666666666676
0.9500000000000017
0.9666666666666676
0.9500000000000017
0.9666666666666676
1.0
0.9500000000000017
0.9666666666666676
0.9666666666666676
0.983333333333334
1.0
0.9666666666666676
0.983333333333334
0.8833333333333349
0.9333333333333335
0.983333333333334
0.9166666666666674
0.9500000000000017
0.983333333333334
1.0
0.9500000000000017
0.983333333333334
1.0
0.9500000000000017
0.9666666666666676
0.9333333333333335
0.9666666666666676
0.983333333333334
0.983333333333334
0.9500000000000017
0.983333333333334
1.0
0.9666666666666676
1.0
0.983333333333334
0.9666666666666676
0.983333333333334
0.9666666666666676
0.9166666666666674
0.983333333333334
0.983333333333334
1.0
0.983333333333334
0.9500000000000017
0.9666666666666676
0.9666666666666676
0.9666666666666676
1.0
0.9666666666666676
1.0
0.983333333333334
1.0
1.0
1.0
1.0
0.9666666666666676
0.983333333333334
0.9666666666666676
0.9500000000000017
0.9500000000000017
0.9666666666666676
1.0
0.9500000000000017
0.9666666666666676
0.983333333333334
0.9166666666666674
0.983333333333334
0.983333333333334
0.9666666666666676
0.9666666666666676
1.0
1.0
0.9333333333333335
0.9666666666666676
0.9666666666666676
1.0
1.0
1.0
1.0
0.983333333333334
0.9666666666666676
0.983333333333334
0.983333333333334
0.9666666666666676
0.983333333333334
0.983333333333334
0.9000000000000008
1.0
0.9500000000000017
1.0
0.983333333333334
0.9333333333333335
0.983333333333334
0.9666666666666676
0.9333333333333335
0.983333333333334
1.0
0.983333333333334
0.9500000000000017
0.9666666666666676
0.983333333333334
0.983333333333334
